100117122724725
100122342080658
100162559396
100340357979334
100356216050100
100384411846645
100385049145414
100422852879275
100461971435799
100490342981323
100524842436526
100554583133970
100607179026941
100624122148338
100650352666001
100674722129362
100795806663614
100844389455528
100857334937
100937952916172
100941196147544
100947845480
101054328195189
10113538711
101189759411333
101242369463631
101294146182254
101379158990057
101400709304157
101490891222319
101547035645835
101586078357081
101610392620043
101743949693155
101790562008805
101854806119390
101886255290758
101898551911387
101901599614749
102023009327901
102044622753692
102060486500863
102073618304083
102171762233280
102281724942742
102415436132470
102499165698230
102550901310332
102555862925615
102641588585816
102712325850529
102763296131905
102767832191810
102808527862361
102825182649091
102862169188648
102959175630065
103083246348
103136582726108
103145009203143
103231729273819
103237629494054
103237632863093
103266809017945
103414131574909
103550569459302
103593949037015
103603888274167
103695769458
103719915895025
103792215945362
103797416339668
103835971750
103868482751691
103875099042033
103881760966661
103885799225717
103973128683128
104035815658952
104067435380905
104107788684988
104234157625422
104256298922171
1043560568988820
104396194587918
104409614857206
104441772437790
104459082465618
104521238896557
104576632565512
104662061503084
104677264773039
104681138248125
104736419210593
104766211232210
104768005247443
104783564567494
104908071917505
104936647887384
104979848524405
10499876484
105084998845350
105187691260140
105288666168351
105319651353770
105344305919597
105348224679358
105405141140214
105521469114882
105561217523274
105564945923298
105665831898946
105748018947954
10576642975
105770432096901
105932165739421
105937262041977
10606591490
106170970836705
106185289105451
106205865302441
106271385452742
106284182272238
10633250963
106374614548737
106427902370170
106432095003415
106439615083259
1065133113513939
106533727567385
106552182752379
106552981733110
1066463660056620
106720802231013
106722111386667
106736535743821
10677003998
106779538059265
106805402393093
106890218786417
106925647503045
106927325413571
107117489082819
107123677458699
107344378754118
107385241806
107445151903077
107463358538636
107518852071608
107594063255738
107641038768883
107645227592678
107704088257820
107711055379167
107764430968176
10779081371
107921965544663
108132042285089
108164525190342
108248594780034
108377571810730
108458155571360
10852627380
108547455113940
108677340534377
108733862157788
108744565575275
108750337166537
108761895812039
108774614054683
108814581289
108841810965469
108843997369005
108893268942958
108925252480631
108939982200603
1089641091059109
108973843175
109079042154507
109246575418362
109303661918715
1093222784082778
109374997915302
109485432122244
109491080460389
109518998319240
109846685360495
109916192051622
110099228407333
110351221872688
110548925469468
110624565660992
110650027024574
110710593870142
1108242266050014
110861655604080
110945375358991
111128357006883
111254605203754
111272361996754
111274025338878
111306298500421
111336125300022
111353945167018
111365084107318
111470528497319
111481813740169
111525325359511
111546325103150
1116377255172784
111659155059527
111687791843035
111710945309661
111748432610292
111794268600402
111808301916244
111824001908
111892984250
112007808393575
112133637214684
112443395099439
112493431219774
112706287999516
112745875263958
112838648421750
112907603920610
112949105133914
112949131327478
113205131621824
113297740077607
113496178208014
113830088678537
113889610354238
113891694102
114231098195466
114233898263244
114301413446447
114581114063266
114817861532923
114849617772737
114934271596584
115073601656782
115140291521034
115217195856294
115327994830629
115472814982936
1156790244444005
1157882964226258
115835521825983
116362033529
116804925011810
116843748342723
117011087989280
117088078154043
1171462299729165
117165741681229
117241141903
117476785190
117592091643709
117656194651888
117852011575387
117886911336016
118055394941878
118356801554598
118671804536998
11870725774
118837474478228
1191336950894416
119489177910430
11974905918
119764934868750
120137368013775
120409074730549
120853907618462
120942081103313
121065838444
121268821249550
121547884595649
121759157915769
121797304549067
12185972707
121936349543
1220042511347971
122095799642017647
122674210819341
1226854550711523
122770757487615
123300991051802
12375354406
123779577712515
125179374733697
125472670805257
125769584126996
12597491214
1265353903615539
126919387470670
127225910653607
1272534336242476
128189607210686
129011692114
129116715379616
129146813605113
129207622999
129233070077
129353084077944
1301218283344686
130268756992804
130945114804
1309741899186397
131018418169
131283957610666
132495066874513
132689140088396
1338822066131069
134187920103120
134452023239984
134871109877812
13536897444
135456716565905
136112963422321
136260152219
136772905237
136956534616
137006633136916
1375372595977513
137918019584028
13885075114
139174417547253
139695000173
140357056032320
14038292386
1409638192624686
1411152262282149
141122182573017
141193355899365
141893115028
142474049098533
143353225918
143359625694786
1437854852907142
143790482303586
1439246269679045
1439364926329185
1439646729592364
144289436063611
144450262776
1444820465547227
144482785636212
145265112840190
145917588805718
1461100540775171
146592973368
147523538641547
147896321153
148283301869985
148545228915507
1486666311655495
1486718904933717
1490352314409117
1491465197745425
149200677056
149648047339
149771378881649
149972022390252
1499911393420824
1500111663533656
150143561813558
15041226930
1510631479236816
151649145006
152002971521619
152011964819862
152065518140304
1522379728063829
1528902407332883
15299247059
153278754738777
1546952572205770
155171461584819
15533529652
1553978148244954
1562713090633117
1564093307142342
1566460620094926
156709261092239
156943191719679
157492274367801
15771560300
158020367901841
158077247591710
1586241161699749
1586251881644270
1588442897872030
1593518174052711
159665047473380
159937454155830
159969930741814
1600352356914768
160054227468
160152163687
1606513883009154
161588620647438
16408565709
164362913586214
16512617979
1652443748406153
165858562140
166616620443
166733630194637
166806376841
1668791386508960
1669532483372455
1671097993122619
167721133253158
168304173200432
169001986494190
169042736456594
169468006414718
169566796514206
1718863814992513
17203056985
173070343225257
1731766737063825
1734173853529152
174031032346
174118102615738
174283119250672
174736845965034
1748521698715654
175338329150218
176725369945441
1776727752614025
177855115588808
178984868807815
179158259303
1792966030729641
179737566167007
180024415404279
180312542092997
180381489134
18044497940
1812249139094166
181385265351965
1818889811727173
1821609834721994
182252948625872
182452388854875
182564410468
182723117043
183165025062107
183230542015806
1847393738815947
185514472077545
1864553013813808
186622728032
186870061762769
186916856227
18709174006
1874524479302479
18812418320
18813753280
188616781161573
189020783523
1905497422998835
191570179167
1922774311344189
192609620649
193078140705171
1937598113153000
194782249201
195261533834361
195538532456
196210360460710
197029884097515
19746387261
197727873578501
198230903525774
198307320795172
19869991532
1990164841305127
199703440927711
2001831300143832
2007686042855628
200819325600
201446296572389
201612129410
201956993160690
2025344394393699
203204102812
2041240385940231
204265316578270
20603236087
206470649447499
207494196545897
207697880579
208189704820
208259529191152
208371683037269
2095417444068117
210897252268891
210940455677523
211271956064121
21169267101
21218780346
21242962092
213335395425425
21492729544
21591025194
2168484930102843
217187838327836
219612384781411
220059965150
220538341415523
220543443746
220942375077886
221159141657466
221761091331222
223618785182273
224615650378
225469604484322
2261127624163484
2273716049315994
2281047588873443
22936848857
2325275871086347
233543866802446
2353537341582545
236682687005525
2372755739425708
2373657556181451
238473269650980
2389440208005428
239465686127772
240170506337068
243685455689811
244693762372002
246872175166
246977185497434
247331620535579
248913988520756
249467225254927
250020005028978
250712581685125
252814820267
25480500554
255062275778
258848839880
259187344111223
260485101489192
261019170905
262006463821406
263547640436466
263829137144976
265915710125206
26698813123
269175894020945
269348454714
270666596375251
272231489519307
